[gd_scene load_steps=12 format=2]

[ext_resource path="res://Scenes/UI/Pause menu.tscn" type="PackedScene" id=1]
[ext_resource path="res://Materials/Grids/grid_dark.tres" type="Material" id=2]
[ext_resource path="res://Assets/Models/rig test/rig.tscn" type="PackedScene" id=3]
[ext_resource path="res://Materials/Grids/grid_green.tres" type="Material" id=4]
[ext_resource path="res://Materials/Grids/grid_yellow.tres" type="Material" id=5]

[sub_resource type="GDScript" id=10]
script/source = "extends Spatial


func _input(event: InputEvent) -> void:
	if Input.is_action_just_pressed(\"jump\"):
		#$rig.start_sim()
		$Pusher.run = true
"

[sub_resource type="ProceduralSky" id=8]

[sub_resource type="Environment" id=9]
resource_local_to_scene = true
background_mode = 3
background_sky = SubResource( 8 )
background_color = Color( 0.172549, 0.172549, 0.172549, 1 )
tonemap_mode = 4
ss_reflections_fade_in = 0.204906
ssao_intensity = 68.37
glow_enabled = true
glow_intensity = 6.07
glow_strength = 0.76
glow_bicubic_upscale = true
glow_high_quality = true

[sub_resource type="GDScript" id=13]
script/source = "extends KinematicBody

export var speed = 5.0

var run := false

func _physics_process(delta: float) -> void:
	if run:
		translation.z -= speed * delta
"

[sub_resource type="CubeMesh" id=12]

[sub_resource type="BoxShape" id=11]

[node name="Spatial" type="Spatial"]
script = SubResource( 10 )

[node name="WorldEnvironment" type="WorldEnvironment" parent="."]
environment = SubResource( 9 )

[node name="Pause menu" parent="." instance=ExtResource( 1 )]

[node name="CSGCombiner" type="CSGCombiner" parent="."]
transform = Transform( -0.965926, 0, 0.258819, 0, 1, 0, -0.258819, 0, -0.965926, 0, 0, 0 )
use_collision = true

[node name="CSGBox" type="CSGBox" parent="CSGCombiner"]
width = 16.0
height = 0.089
depth = 16.0
material = ExtResource( 2 )

[node name="CSGBox2" type="CSGBox" parent="CSGCombiner"]
transform = Transform( 0.113895, -0.565888, -0.816576, 0.992795, 0.095622, 0.0722074, 0.0372213, -0.818916, 0.572702, 2.81257, 7.9872, 6.43397 )
width = 6.0
height = 0.089
depth = 6.0
material = ExtResource( 4 )

[node name="CSGBox3" type="CSGBox" parent="CSGCombiner"]
transform = Transform( -0.68357, -0.462725, 0.564462, -0.560566, 0.828109, 4.2618e-08, -0.467436, -0.316418, -0.825459, 0.185896, 4.75968, 2.68284 )
width = 6.0
height = 0.089
depth = 6.0
material = ExtResource( 4 )

[node name="CSGBox4" type="CSGBox" parent="CSGCombiner"]
transform = Transform( 1, 0, 1.49012e-08, 0, 1, 0, -1.49012e-08, 0, 1, -1.98279, 2.51426, 0.32154 )
width = 6.0
height = 0.089
depth = 6.0
material = ExtResource( 4 )

[node name="CSGBox5" type="CSGBox" parent="CSGCombiner"]
transform = Transform( 0.999999, 0, 0, 0, 1, 0, 0, 0, 0.999999, -0.140524, 8.58676, -3.17247 )
width = 6.0
height = 0.089
depth = 6.0
material = ExtResource( 4 )

[node name="DirectionalLight" type="DirectionalLight" parent="."]
transform = Transform( 1, 0, 0, 0, 0.935672, 0.352871, 0, -0.352871, 0.935672, 0, 0, 0 )
shadow_enabled = true

[node name="rig" parent="." instance=ExtResource( 3 )]
transform = Transform( -4.37114e-08, 0, 1, 0, 1, 0, -1, 0, -4.37114e-08, -0.631551, 8.79029, 1.58311 )

[node name="Pusher" type="KinematicBody" parent="."]
transform = Transform( 1, 0, 0, 0, 0.316967, 0, 0, 0, 1, 0, 9.63208, 23.1918 )
script = SubResource( 13 )
__meta__ = {
"_edit_group_": true
}
speed = 18.0

[node name="MeshInstance" type="MeshInstance" parent="Pusher"]
mesh = SubResource( 12 )
material/0 = ExtResource( 5 )

[node name="CollisionShape" type="CollisionShape" parent="Pusher"]
shape = SubResource( 11 )

[node name="Camera" type="Camera" parent="."]
transform = Transform( 0.260546, -0.638444, 0.724227, 0, 0.750136, 0.661284, -0.965461, -0.172295, 0.195445, 11.0598, 13.5035, 2.87175 )
